[-0.15643649  0.07957594  0.05179952 -0.06184425 -0.05557154 -0.00443528
 -0.03743979 -0.03151276  0.13832897 -0.0483478   0.26256481 -0.0410926
 -0.1877239  -0.10988543  0.0231674   0.11520661 -0.15580234 -0.18280168
 -0.01084539 -0.13762893  0.05252098  0.04745586  0.02184471  0.05836233
 -0.09752646 -0.36842847 -0.05755307 -0.11375801  0.01653247 -0.08058751
  0.0805654   0.10932335 -0.18994613 -0.04112664  0.03453053  0.15058535
  0.0702263   0.02635173  0.21415855 -0.03551383 -0.13581975  0.02308626
  0.03690162  0.32763574  0.14309117  0.09672505 -0.01708168  0.04066903
  0.11749879 -0.18014376  0.12923416  0.15456267  0.14995967 -0.02911364
  0.07551428 -0.11754908 -0.02020874  0.05614875 -0.20486437  0.04238084
  0.03246195 -0.05640339  0.02473053 -0.08842522  0.20461638  0.08927994
 -0.08685811 -0.14407428  0.12720934 -0.103749   -0.07069521  0.10748526
 -0.16138178 -0.14225076 -0.23891367  0.08856715  0.42405921  0.06957112
 -0.19747537  0.05108275  0.03302674 -0.05830861  0.08348296  0.05806619
 -0.05502495  0.02525851 -0.14075013  0.03936069  0.19336618  0.0328242
 -0.15230949  0.16321355 -0.04754512  0.06080628  0.07068186  0.04781264
 -0.01671018  0.03439179 -0.16903833 -0.01325156  0.00645244 -0.0207965
 -0.06388709  0.03680193 -0.10242785  0.11654816 -0.0303402   0.02483221
 -0.14543448  0.08178052 -0.13605866  0.00406783  0.15294746 -0.2432349
  0.1874907   0.12646359 -0.01743668  0.17717308  0.07908577  0.05590446
  0.04137365 -0.044546   -0.14903852 -0.13365529  0.07216724  0.01515726
  0.16306528  0.08244827]
[-0.15052454  0.03942318  0.06896044  0.02418978 -0.14991525  0.08258924
 -0.05226946 -0.07411675  0.1942208  -0.10711038  0.18843912 -0.0316847
 -0.23166327 -0.07464426  0.04501562  0.07426088 -0.10071343 -0.18098123
 -0.00532521 -0.04094791  0.00336004 -0.02112407  0.0193099   0.03271175
 -0.09725291 -0.48125961 -0.06649984 -0.17063014  0.03218009 -0.10884126
 -0.07245998  0.02628835 -0.16619092 -0.0471212   0.00224519  0.09682716
  0.00521214  0.00712034  0.17016663 -0.01107768 -0.15978037 -0.01036652
 -0.00441368  0.23273289  0.17879023  0.13232404  0.00244864 -0.03919702
  0.06822855 -0.2140111   0.06989674  0.16120362  0.11515024 -0.0141477
  0.09844649 -0.13619675 -0.04236218 -0.00776481 -0.20531946  0.10347028
  0.0663813  -0.04291664 -0.01166474 -0.05510252  0.31461972  0.12882607
 -0.0479883  -0.12234972  0.17368872 -0.18375295 -0.04537826  0.0141872
 -0.12506421 -0.20149736 -0.16800305  0.07126651  0.44439971  0.19069873
 -0.20083781  0.0390094  -0.11151292 -0.04251659  0.07212178  0.02684979
 -0.04544094 -0.02043754 -0.07871597 -0.01441303  0.20944782  0.01121844
 -0.00775265  0.18488429 -0.02521914  0.04495788  0.07705275 -0.06309588
 -0.06553723  0.0109901  -0.16821527 -0.07805077 -0.03297203 -0.07370738
  0.07416196  0.04229208 -0.19303606  0.07914468 -0.03925354 -0.0505456
  0.00405955  0.08131989 -0.1628124  -0.0582845   0.18747847 -0.30721074
  0.22882102  0.15289629  0.08286472  0.1958677   0.05551801  0.0986212
  0.03605717  0.00377627 -0.11919516 -0.07545296  0.03709545 -0.02320388
  0.06154843  0.06668574]
[-0.19595921  0.13496082  0.06271189  0.00089808  0.04719737 -0.06303202
  0.07501258 -0.05506109  0.1717286  -0.02018853  0.30300197 -0.04780687
 -0.19134077 -0.12172066  0.02873884  0.08021142 -0.19748551 -0.08749721
 -0.04213593 -0.13346815 -0.00544426  0.04607051  0.03645954  0.04674434
 -0.06905374 -0.31451115 -0.07142323 -0.14145173  0.15964352 -0.07205807
 -0.01974341  0.08306556 -0.17319684 -0.04617259 -0.01304482  0.03224973
  0.047375   -0.00962538  0.22117272  0.02656312 -0.04754945 -0.10513447
  0.03395309  0.30183104  0.18726203  0.01921656 -0.05137229  0.00960166
  0.06404256 -0.2431924   0.00437261  0.12696697  0.13944812  0.05891792
  0.07136098 -0.1682052  -0.02909547 -0.05759072 -0.13270015  0.07977786
  0.00393063 -0.10359954 -0.04167276 -0.02631084  0.22765258  0.0403345
 -0.07042629 -0.11834035  0.15922987 -0.14698215  0.01136177  0.16257517
 -0.0588797  -0.12899938 -0.21855985  0.11648601  0.33416641  0.14248206
 -0.12075783  0.03465245 -0.15595759 -0.07752182  0.02621686  0.00834897
 -0.14142448 -0.00051092 -0.16796952  0.00207706  0.1587982   0.00204176
 -0.04708969  0.23709622 -0.06492223  0.08420765  0.0123441   0.00339938
 -0.05357397 -0.00189672 -0.05802268 -0.02787043  0.11675078 -0.14766577
  0.01403672  0.11052381 -0.2009273   0.03035924 -0.0207792  -0.00043422
  0.03003524  0.04908925 -0.09264496 -0.04450282  0.14180461 -0.26764131
  0.16166689  0.16669071 -0.01801989  0.14216137  0.03375658  0.09097681
 -0.03155931 -0.0334224  -0.05489332 -0.05637353  0.01081905 -0.00900822
 -0.02533339  0.03180524]
[-0.09958152  0.07512514  0.02638957 -0.02889379 -0.08836974  0.01620452
 -0.05601011 -0.0966185   0.21918713 -0.09636948  0.17047083  0.00854701
 -0.15733767 -0.05996319 -0.07795194  0.07456519 -0.11776475 -0.15251149
 -0.04070992 -0.10872757  0.00630795  0.00339935  0.01462605  0.06502795
 -0.16305332 -0.38914472 -0.12507114 -0.07918295  0.04711095 -0.11738458
 -0.03148571  0.08097379 -0.16531421 -0.05776966 -0.01424414  0.08597011
  0.0304742   0.00652165  0.14748248 -0.00344732 -0.12106288 -0.04273944
  0.0377041   0.2882185   0.14553304  0.06980296  0.02929452 -0.01749272
  0.02183061 -0.22288172  0.08792734  0.15731697 -0.03283851  0.05317175
  0.08354011 -0.09473187 -0.05594973  0.10071276 -0.073926    0.10804841
  0.03158333 -0.04329901 -0.00300165 -0.03091494  0.22250339  0.12943001
 -0.09050498 -0.0995735   0.10409038 -0.24001667 -0.04566504 -0.03275153
 -0.0678554  -0.14134206 -0.32868657  0.07229888  0.43778086  0.20179741
 -0.12953798  0.03246803 -0.05502801 -0.0449371   0.11265165  0.06442938
 -0.14475891  0.06624712 -0.08978689  0.07029521  0.20962612  0.1094652
 -0.03335446  0.22891061 -0.03296384  0.08324859  0.06191532  0.08282248
 -0.09539346 -0.03492842 -0.12321261  0.04003835  0.05112595 -0.02905319
  0.03023677  0.16327102 -0.11573937  0.08653421 -0.03910839 -0.01213029
 -0.00483243  0.12469728 -0.13647908 -0.13109198  0.16288061 -0.19006954
  0.08830545  0.1852783   0.03906093  0.15075843  0.10953854  0.07202535
  0.01209961 -0.01268857 -0.08369467 -0.01845651 -0.00096337 -0.06733098
  0.03048185  0.05004189]
[-1.54465213e-01  7.55254403e-02  8.61394927e-02  2.89189722e-02
 -1.25521123e-01  5.28197400e-02 -4.01194282e-02 -5.62661923e-02
  1.57389000e-01 -8.78821462e-02  1.77250192e-01 -3.94485220e-02
 -2.27859586e-01 -8.32564756e-02  4.39196303e-02  8.00762773e-02
 -7.28912577e-02 -1.79487273e-01 -2.98455730e-03 -3.38731706e-02
  3.48339714e-02 -4.07779627e-02 -1.95985585e-02  4.62563857e-02
 -1.18950285e-01 -4.60828573e-01 -8.99602845e-02 -1.57106921e-01
  5.20471334e-02 -1.00875467e-01 -8.25047791e-02  1.71118900e-02
 -1.30104899e-01 -5.26184626e-02  7.55120255e-03  9.57461447e-02
 -1.08378436e-02 -1.18588526e-02  1.66032061e-01 -3.39688770e-02
 -1.52566761e-01 -8.40378925e-05  2.13864259e-03  2.51340598e-01
  2.24987537e-01  1.31447986e-01  2.93913968e-02 -3.00739147e-02
  6.30990490e-02 -2.18354091e-01  6.00617304e-02  1.85471416e-01
  8.97295773e-02  3.30545530e-02  1.11527115e-01 -1.12300381e-01
 -9.41722281e-03 -2.03537531e-02 -1.84621334e-01  8.96988288e-02
  4.41445820e-02 -6.55672699e-02  2.13066116e-04 -4.20862585e-02
  2.78198391e-01  8.44797492e-02 -5.10157123e-02 -1.14914656e-01
  1.75012052e-01 -2.18352154e-01 -5.81631772e-02 -6.88518677e-03
 -1.54280826e-01 -1.81871772e-01 -2.16907859e-01  8.62239376e-02
  4.28131640e-01  2.34999955e-01 -1.83521152e-01  9.21801105e-02
 -7.69186318e-02 -2.37644762e-02  9.84951183e-02  4.48141210e-02
 -4.62227315e-02 -5.31519614e-02 -8.00687820e-02  6.83515705e-03
  2.11060226e-01  1.29705574e-03 -7.38811679e-03  1.62772506e-01
 -2.82256752e-02  5.56194112e-02  7.11648241e-02 -4.59363461e-02
 -5.75222000e-02  1.83859235e-03 -1.22328334e-01 -5.60670123e-02
  2.91369185e-02 -6.23924695e-02  8.26381370e-02  8.94890353e-02
 -1.92592293e-01  8.40281546e-02 -4.75887135e-02 -5.83697064e-03
  1.09566730e-02  8.10323358e-02 -1.71917260e-01 -4.07026187e-02
  1.78165153e-01 -2.59969532e-01  2.36132443e-01  1.81545451e-01
  4.32830602e-02  1.31576717e-01  8.69422033e-02  7.48817772e-02
  4.18487005e-02  4.22787014e-03 -1.22443259e-01 -7.22012594e-02
  3.68141979e-02 -2.47023311e-02  6.12473525e-02  5.57282940e-02]
